1992.9323,13.717
1992.9595,1.328
1992.9866,-13.375
1993.0138,-24.723000000000003
1993.0409,-29.230999999999998
1993.0681,-32.538000000000004
1993.0952,-35.588
1993.1223,-26.579
1993.1495,-29.622
1993.1766,-34.527
1993.2038,-34.25
1993.2309,-28.518
1993.2581,-30.436999999999998
1993.2852,-21.371
1993.3124,-19.195999999999998
1993.3395,-23.758000000000003
1993.3667,-23.628
1993.3938,-17.808
1993.421,-10.085
1993.4481,-2.12
1993.4753,-1.7280000000000002
1993.5024,-4.942
1993.5296,5.074
1993.5567,0.386
1993.5839,22.555
1993.611,22.201
1993.6382,29.06
1993.6653,23.325
1993.6925,16.635
1993.7196,21.488000000000003
1993.7468,32.827
1993.7739,34.992
1993.801,30.541
1993.8282,18.24
1993.8553,8.044
1993.8825,10.529000000000002
1993.9096,10.772
1993.9368,10.732000000000001
1993.9639,1.704
1993.9911,-8.579
1994.0182,-14.764000000000001
1994.0454,-12.663
1994.0725,-19.485
1994.0997,-23.443
1994.1268,-31.32
1994.154,-37.411
1994.1811,-35.844
1994.2083,-20.794
1994.2354,-29.478
1994.2626,-24.541999999999998
1994.2897,-29.375
1994.3169,-26.85
1994.344,-25.8
1994.3712,-18.381
1994.3983,-17.143
1994.4255,-13.169
1994.4526,-12.817
1994.4798,-14.908
1994.5069,-2.614
1994.534,5.727
1994.5612,11.448
1994.5883,8.972000000000001
1994.6155,10.802
1994.6426,13.665
1994.6698,20.258
1994.6969,34.426
1994.7241,35.109
1994.7512,24.421
1994.7784,25.116
1994.8055,18.954
1994.8327,14.186
1994.8598,19.882
1994.887,16.49
1994.9141,-0.195
1994.9413,-0.43799999999999994
1994.9684,-6.651
1994.9956,-12.734000000000002
1995.0227,-16.869
1995.0499,-16.734
1995.077,-24.215
1995.1042,-32.395
1995.1313,-37.79
1995.1585,-30.054000000000002
1995.1856,-18.882
1995.2128,-29.813000000000002
1995.2399,-30.159000000000002
1995.267,-31.590999999999998
1995.2942,-28.16
1995.3213,-16.628
1995.3485,-18.468
1995.3756,-15.210999999999999
1995.4028,-12.198
1995.4299,-17.616
1995.4571,-9.138
1995.4842,-4.681
1995.5114,5.051
1995.5385,8.199
1995.5657,9.457
1995.5928,3.64
1995.62,12.035
1995.6471,21.737
1995.6743,26.13
1995.7014,34.952
1995.7286,32.891
1995.7557,26.195999999999998
1995.7829,26.565
1995.81,18.206
1995.8372,20.199
1995.8643,22.796999999999997
1995.8915,20.865
1995.9458,3.133
1995.9729,3.7230000000000003
1996.0,-8.298
1996.0272,-15.225999999999999
1996.0543,-19.351
1996.0815,-27.781
1996.1086,-32.942
1996.1358,-26.88
1996.1629,-25.254
1996.1901,-31.980999999999998
1996.2172,-31.199
1996.2444,-37.867
1996.2715,-34.202
1996.2987,-20.903000000000002
1996.3258,-12.289000000000001
1996.353,-12.585999999999999
1996.3801,-12.890999999999998
1996.4073,-13.617
1996.4344,-7.525
1996.4616,-10.684000000000001
1996.4887,-0.32299999999999995
1996.5159,4.0360000000000005
1996.543,15.21
1996.5702,19.634
1996.5973,15.832
1996.6245,19.090999999999998
1996.6516,27.47
1996.6788,33.489000000000004
1996.7059,33.247
1996.733,30.114
1996.7602,28.349
1996.7873,16.485
1996.8145,23.171999999999997
1996.8416,27.836
1996.8688,25.333000000000002
1996.8959,8.147
1996.9231,6.546
1996.9502,3.238
1996.9774,0.742
1997.0045,-6.439
1997.0317,-11.603
1997.0588,-27.445
1997.086,-24.603
1997.1131,-32.545
1997.1403,-22.991999999999997
1997.1674,-21.15
1997.1946,-28.745
1997.2217,-35.628
1997.2489,-27.859
1997.276,-24.75
1997.3032,-30.654
1997.3303,-21.445
1997.3575,-12.061
1997.3846,-8.699
1997.4118,-0.627
1997.4389,-9.468
1997.466,-1.646
1997.4932,1.6740000000000002
1997.5203,5.7410000000000005
1997.5475,15.732000000000001
1997.5746,25.508000000000003
1997.6018,14.411
1997.6289,31.447
1997.6561,32.509
1997.6832,31.206999999999997
1997.7104,30.599
1997.7375,40.085
1997.7647,34.233000000000004
1997.7918,41.54
1997.819,33.571999999999996
1997.8461,23.61
1997.8733,10.445
1997.9004,12.106
1997.9276,11.524000000000001
1997.9547,4.187
1997.9819,-7.182
1998.009,-18.303
1998.0362,-12.482999999999999
1998.0633,-25.377
1998.0905,-15.267000000000001
1998.1176,-14.355
1998.1448,-20.614
1998.1719,-21.86
1998.199,-21.656
1998.2262,-21.991999999999997
1998.2533,-7.781000000000001
1998.2805,-9.873
1998.3076,-10.204
1998.3348,-7.375
1998.3619,-0.573
1998.3891,-7.327000000000001
1998.4162,11.136
1998.4434,10.782
1998.4705,17.025
1998.4977,13.533
1998.5248,18.027
1998.552,27.76
1998.5791,20.699
1998.6063,35.077
1998.6334,34.275999999999996
1998.6606,37.124
1998.6877,38.218
1998.7149,47.391000000000005
1998.742,47.335
1998.7692,49.156000000000006
1998.7963,24.604
1998.8235,40.522
1998.8506,36.535
1998.8777,37.038000000000004
1998.9049,25.888
1998.932,30.483
1998.9592,12.372
1998.9863,6.869
1999.0135,-3.83
1999.0406,-2.387
1999.0678,-21.709
1999.0949,-5.048
1999.1221,-17.53
1999.1492,-18.436
1999.1764,-19.66
1999.2035,-13.171
1999.2307,-2.522
1999.2578,-9.011000000000001
1999.285,-14.767000000000001
1999.3121,-11.902000000000001
1999.3393,-7.692
1999.3664,-5.571000000000001
1999.3936,-2.21
1999.4207,5.471
1999.4479,7.888
1999.475,1.7619999999999998
1999.5022,7.356
1999.5293,16.097
1999.5565,28.177
1999.5836,25.409000000000002
1999.6107,26.729
1999.6379,34.688
1999.665,13.19
1999.6922,37.555
1999.7193,43.364
1999.7465,46.02
1999.7736,45.023999999999994
1999.8008,34.355
1999.8279,34.834
1999.8551,42.485
1999.8822,36.611999999999995
1999.9094,28.903000000000002
1999.9365,7.769
1999.9637,7.359
1999.9908,3.449
2000.018,10.176
2000.0451,6.061
2000.0723,-6.104
2000.0994,-21.263
2000.1266,-15.703
2000.1537,-9.047
2000.1809,-10.735
2000.208,-9.286
2000.2352,-10.675
2000.2623,-38.376999999999995
2000.2895,-12.022
2000.3166,-1.942
2000.3437,-3.78
2000.3709,-0.688
2000.398,-0.778
2000.4252,2.142
2000.4523,9.986
2000.4795,15.624
2000.5066,18.699
2000.5338,28.669
2000.5609,10.126
2000.5881,22.151
2000.6152,32.606
2000.6424,46.31100000000001
2000.6695,45.965
2000.6967,48.263000000000005
2000.7238,46.71
2000.751,43.986000000000004
2000.7781,40.762
2000.8053,43.405
2000.8324,42.48
2000.8596,43.878
2000.8867,30.982
2000.9139,29.436
2000.941,15.357999999999999
2000.9682,17.785999999999998
2000.9953,19.537
2001.0225,7.732
2001.0496,-1.064
2001.0767,-13.165
2001.1039,-6.459
2001.131,-1.4609999999999999
2001.1582,-1.053
2001.1853,-5.181
2001.2125,-15.876
2001.2396,-19.532
2001.2668,-15.373
2001.2939,-5.92
2001.3211,-1.236
2001.3482,3.623
2001.3754,1.9
2001.4025,-3.0410000000000004
2001.4297,1.339
2001.4568,10.404000000000002
2001.484,22.926
2001.5111,27.974
2001.5383,23.639
2001.5654,26.348000000000003
2001.5926,40.302
2001.6197,43.268
2001.6469,47.33
2001.674,47.14
2001.7012,51.144
2001.7283,51.835
2001.7555,45.271
2001.7826,52.111000000000004
2001.8097,51.379
2001.8369,50.977
2001.864,37.446999999999996
2001.8912,25.848000000000003
2001.9183,19.967
2001.9455,26.199
2001.9726,17.269000000000002
2001.9998,10.626
2002.0269,-4.812
2002.0541,-5.577000000000001
2002.0812,-3.7689999999999997
2002.1084,2.032
2002.1355,1.6440000000000001
2002.1627,-8.796
2002.1898,-19.634
2002.217,-15.731
2002.2441,-13.047
2002.2713,-4.569
2002.2984,-4.111000000000001
2002.3256,0.6970000000000001
2002.3527,-2.7760000000000002
2002.3799,5.14
2002.407,8.883
2002.4342,10.481
2002.4613,13.388
2002.4885,24.445
2002.5156,29.825
2002.5427,38.18
2002.5699,45.265
2002.597,39.997
2002.6242,47.538999999999994
2002.6513,44.088
2002.6785,48.778999999999996
2002.7056,49.992
2002.7328,49.268
2002.7599,46.387
2002.7871,58.563
2002.8142,56.391999999999996
2002.8414,43.217
2002.8685,36.53
2002.8957,37.029
2002.9228,32.933
2002.95,30.865
2002.9771,15.770999999999999
2003.0043,5.962999999999999
2003.0314,2.8510000000000004
2003.0586,4.805
2003.0857,11.383
2003.1129,3.465
2003.14,-7.422000000000001
2003.1672,-7.0729999999999995
2003.1943,-6.972
2003.2214,-0.95
2003.2486,0.757
2003.2757,5.172999999999999
2003.3029,1.807
2003.33,-3.4760000000000004
2003.3572,5.33
2003.3843,16.361
2003.4115,18.159000000000002
2003.4386,11.401
2003.4658,16.131
2003.4929,19.938
2003.5201,33.804
2003.5472,44.728
2003.5744,46.626000000000005
2003.6015,53.632
2003.6287,48.211000000000006
2003.6558,50.558
2003.683,58.775
2003.7101,63.309
2003.7373,61.923
2003.7644,59.028
2003.7916,56.983999999999995
2003.8187,51.042
2003.8459,47.68899999999999
2003.873,50.523
2003.9002,38.028
2003.9273,38.324
2003.9544,28.413
2003.9816,20.909000000000002
2004.0087,15.140999999999998
2004.0359,15.515999999999998
2004.063,9.291
2004.0902,0.779
2004.1173,-8.565
2004.1445,4.5489999999999995
2004.1716,4.706
2004.1988,8.429
2004.2259,12.425999999999998
2004.2531,2.975
2004.2802,0.37
2004.3074,6.957999999999999
2004.3345,7.965
2004.3617,13.482000000000001
2004.3888,20.430999999999997
2004.416,23.063000000000002
2004.4431,24.736
2004.4703,30.139
2004.4974,35.588
2004.5246,40.835
2004.5517,43.181000000000004
2004.5789,40.382
2004.606,47.351000000000006
2004.6332,50.221000000000004
2004.6603,52.888000000000005
2004.6874,57.821999999999996
2004.7146,60.483000000000004
2004.7417,55.163999999999994
2004.7689,57.266000000000005
2004.796,59.766999999999996
2004.8232,49.215
2004.8503,52.121
2004.8775,55.696000000000005
2004.9046,39.797
2004.9318,33.859
2004.9589,28.07
2004.9861,30.828000000000003
2005.0132,13.265999999999998
2005.0404,8.487
2005.0675,5.659
2005.0947,1.446
2005.1218,3.81
2005.149,2.986
2005.1761,11.661
2005.2033,5.5520000000000005
2005.2304,-6.985
2005.2576,-3.443
2005.2847,7.433
2005.3119,8.286
2005.339,10.875
2005.3662,12.824000000000002
2005.3933,11.818
2005.4204,17.714000000000002
2005.4476,22.366999999999997
2005.4747,37.402
2005.5019,42.306999999999995
2005.529,45.933
2005.5562,45.388000000000005
2005.5833,50.071000000000005
2005.6105,47.851000000000006
2005.6376,50.722
2005.6648,56.934
2005.6919,61.236999999999995
2005.7191,59.865
2005.7462,58.49100000000001
2005.7734,60.13399999999999
2005.8005,59.211999999999996
2005.8277,60.64
2005.8548,62.702
2005.882,56.17
2005.9091,42.528
2005.9363,37.889
2005.9634,31.711
2005.9906,28.838
2006.0177,15.208
2006.0449,9.615
2006.072,11.103
2006.0992,12.648
2006.1263,1.121
2006.1534,4.234
2006.1806,3.625
2006.2077,-2.376
2006.2349,-5.447
2006.262,4.452
2006.2892,7.667000000000001
2006.3163,6.542999999999999
2006.3435,11.199000000000002
2006.3706,16.930999999999997
2006.3978,20.625
2006.4249,21.500999999999998
2006.4521,23.698
2006.4792,38.327
2006.5064,41.836999999999996
2006.5335,36.609
2006.5607,41.297
2006.5878,52.727
2006.615,54.3
2006.6421,51.581
2006.6693,55.449
2006.6964,51.623999999999995
2006.7236,64.053
2006.7507,69.985
2006.7779,72.515
2006.805,60.166000000000004
2006.8321,53.757
2006.8864,39.181999999999995
2006.9136,35.415
2006.9407,38.152
2006.9679,34.626
2006.995,22.585
2007.0222,14.02
2007.0493,6.763999999999999
2007.0765,12.67
2007.1036,7.893
2007.1308,2.065
2007.1579,1.8769999999999998
2007.1851,-2.946
2007.2122,-4.152
2007.2394,6.2
2007.2665,10.571
2007.2937,11.172
2007.3208,8.119
2007.348,9.359
2007.3751,17.399
2007.4023,25.725
2007.4294,19.062
2007.4566,24.408
2007.4837,28.288
2007.5109,33.495
2007.538,35.303000000000004
2007.5651,43.011
2007.5923,51.312
2007.6194,50.675
2007.6466,48.931000000000004
2007.6737,54.55
2007.7009,61.751000000000005
2007.728,68.759
2007.7552,74.583
2007.7823,65.903
2007.8095,59.06
2007.8366,51.553999999999995
2007.8638,47.467
2007.8909,51.27
2007.9181,43.922
2007.9452,38.696999999999996
2007.9724,28.495
2007.9995,21.967
2008.0267,21.058000000000003
2008.0538,19.814
2008.081,21.366
2008.1081,9.818999999999999
2008.1353,3.636
2008.1624,-1.445
2008.1896,0.857
2008.2167,5.715
2008.2439,7.129
2008.271,10.295
2008.2981,3.306
2008.3253,8.292
2008.3524,14.550999999999998
2008.3796,27.866999999999997
2008.4067,23.462
2008.4339,29.221
2008.461,31.451
2008.4882,37.672
2008.5153,42.185
2008.5425,47.825
2008.5696,53.817
2008.5968,51.235
2008.6239,49.327
2008.6511,53.766999999999996
2008.6782,63.976000000000006
2008.7054,67.37100000000001
2008.7325,71.67699999999999
2008.7597,66.247
2008.7868,62.449
2008.814,58.994
2008.8411,57.145
2008.8683,57.446000000000005
2008.8954,51.724
2008.9226,47.52
2008.9497,35.003
2008.9769,27.86
2009.004,23.941999999999997
2009.0311,20.180999999999997
2009.0583,19.316
2009.0854,9.433
2009.1126,4.119
2009.1397,3.346
2009.1669,8.681000000000001
2009.194,11.277999999999999
2009.2212,9.295
2009.2483,8.756
2009.2755,8.272
2009.3026,14.292
2009.3298,19.454
2009.3569,23.875999999999998
2009.3841,24.064
2009.4112,21.281999999999996
2009.4384,24.843000000000004
2009.4655,34.334
2009.4927,42.101000000000006
2009.5198,47.248999999999995
2009.547,48.126999999999995
2009.5741,53.996
2009.6013,57.403999999999996
2009.6284,65.389
2009.6556,72.067
2009.6827,73.205
2009.7099,72.399
2009.737,75.585
2009.7642,65.983
2009.7913,63.07
2009.8184,63.075
2009.8456,62.655
2009.8727,52.791000000000004
2009.8999,53.32
2009.927,46.465
2009.9542,37.661
2009.9813,37.62
2010.0085,31.284000000000002
2010.0356,25.410999999999998
2010.0628,12.342
2010.0899,8.113999999999999
2010.1171,12.005
2010.1442,19.827
2010.1714,21.825
2010.1985,14.245999999999999
2010.2257,13.335
2010.2528,18.152
2010.28,21.825
2010.3071,24.781
2010.3343,24.711
2010.3614,26.166999999999998
2010.3886,27.965
2010.4157,32.253
2010.4429,35.291
2010.47,42.468999999999994
2010.4971,40.22
2010.5243,50.406000000000006
2010.5514,53.415
2010.5786,52.101000000000006
2010.6057,58.917
2010.6329,65.551
2010.66,68.384
2010.6872,66.002
2010.7143,67.815
2010.7415,65.825
2010.7686,70.413
2010.7958,73.332
2010.8229,66.836
2010.8501,58.128
2010.8772,52.196000000000005
2010.9044,41.361000000000004
2010.9315,41.026
2010.9587,38.633
2010.9858,34.141
2011.013,30.715999999999998
2011.0401,23.483
2011.0673,13.902000000000001
2011.0944,5.609
2011.1216,11.142999999999999
2011.1487,12.212
2011.1759,5.104
2011.203,-3.162
2011.2301,1.9469999999999998
2011.2573,6.9239999999999995
2011.2844,9.722999999999999
2011.3116,6.473
2011.3387,11.241
2011.3659,15.227
2011.393,23.428
2011.4202,27.654
2011.4473,36.603
2011.4745,41.769
2011.5016,36.549
2011.5288,39.179
2011.5559,48.907
2011.5831,56.43899999999999
2011.6102,63.333
2011.6374,66.79
2011.6645,68.94800000000001
2011.6917,64.15899999999999
2011.7188,67.652
2011.746,67.28
2011.7731,71.35600000000001
2011.8003,72.225
2011.8274,63.727
2011.8546,58.443000000000005
2011.8817,49.443999999999996
2011.9089,48.666000000000004
2011.936,51.497
2011.9631,45.172
2011.9903,36.838
2012.0174,34.488
2012.0446,26.415
2012.0717,26.631999999999998
2012.0989,19.153
2012.126,18.327
2012.1532,10.008
2012.1803,11.12
2012.2075,21.211
2012.2346,26.954
2012.2618,21.517
2012.2889,20.636999999999997
2012.3161,21.888
2012.3432,24.487
2012.3704,32.684
2012.3975,39.111999999999995
2012.4247,38.7
2012.4518,43.586000000000006
2012.479,46.318999999999996
2012.5061,51.681999999999995
2012.5333,59.748000000000005
2012.5604,67.345
2012.5876,74.88600000000001
2012.6147,75.083
2012.6419,72.812
2012.669,74.947
2012.6961,79.47
2012.7233,83.15299999999999
2012.7504,88.455
2012.7776,78.601
2012.8047,71.692
2012.8319,68.279
2012.859,69.288
2012.8862,68.955
2012.9133,65.818
2012.9405,59.783
2012.9676,53.291000000000004
2012.9948,48.216
2013.0219,41.826
2013.0491,42.422
2013.0762,39.225
2013.1034,31.808000000000003
2013.1305,25.7
2013.1577,22.666
2013.1848,22.479
2013.212,30.486
2013.2391,34.585
2013.2663,28.624000000000002
2013.2934,23.831999999999997
2013.3206,29.272
2013.3477,35.302
2013.3749,39.169000000000004
2013.402,41.791000000000004
2013.4291,43.97
2013.4563,42.184
2013.4834,51.287
2013.5106,58.308
2013.5377,64.895
2013.5649,67.734
2013.592,72.206
2013.6192,72.497
2013.6463,75.866
2013.6735,78.22399999999999
2013.7006,81.587
2013.7278,82.876
2013.7549,82.125
2013.7821,80.344
2013.8092,78.021
2013.8364,75.166
2013.8635,68.294
2013.8907,65.842
2013.9178,55.578
2013.945,47.291000000000004
2013.9721,45.383
2013.9993,46.902
2014.0264,40.417
2014.0536,34.571
2014.0807,23.058000000000003
2014.1079,21.168000000000003
2014.135,23.215999999999998
2014.1621,18.486
2014.1893,21.125
2014.2164,21.179000000000002
2014.2436,18.83
2014.2707,19.956
2014.2979,28.177
2014.325,32.164
2014.3522,35.404
2014.3793,32.637
2014.4065,36.694
2014.4336,35.335
2014.4608,47.413000000000004
2014.4879,63.278
2014.5151,65.126
2014.5422,62.662
2014.5694,66.721
2014.5965,69.96300000000001
2014.6237,75.36399999999999
2014.6508,83.605
2014.678,88.85600000000001
2014.7051,87.648
2014.7323,75.59100000000001
2014.7594,79.244
2014.7866,83.396
2014.8137,82.41
2014.8409,79.392
2014.868,70.305
2014.8951,59.157
2014.9223,59.013000000000005
2014.9494,63.004
2014.9766,56.99
2015.0037,49.183
2015.0309,39.398
2015.058,31.524
2015.0852,33.878
2015.1123,29.822
2015.1395,33.825
2015.1666,34.251
2015.1938,33.765
2015.2209,28.41
2015.2481,28.377
2015.2752,33.571
2015.3024,42.266000000000005
2015.3295,43.258
2015.3567,39.843
2015.3838,40.691
2015.411,49.983999999999995
2015.4381,47.773999999999994
2015.4653,59.38399999999999
2015.4924,71.99
2015.5196,69.02600000000001
2015.5467,71.222
2015.5739,77.134
2015.601,88.087
2015.6281,87.809
2015.6553,91.575
2015.6824,97.315
2015.7096,90.066
2015.7367,92.49
2015.7639,99.10799999999999
2015.791,96.789
2015.8182,92.405
2015.8453,81.278
2015.8725,79.34100000000001
2015.8996,78.108
2015.9268,76.59899999999999
2015.9539,69.691
2015.9811,59.957
2016.0082,46.711999999999996
2016.0354,42.882
2016.0625,45.051
2016.0897,43.793
2016.1168,46.603
2016.144,49.218
2016.1711,44.273999999999994
2016.1983,33.961
2016.2254,42.199
2016.2526,45.004
2016.2797,49.809
2016.3068,55.401
2016.334,50.416000000000004
2016.3611,56.282
2016.3883,63.273
2016.4154,69.37100000000001
2016.4426,75.595
2016.4697,80.087
2016.4969,81.619
2016.524,83.58
2016.5512,87.19
